120
0.99958590141 -0.00457045795077 0.0284101498999 -0.00418231882317 -0.999897315733 -0.0137064291173 0.0284698772825 0.0135819329996 -0.999502374776 4.28895328413 0.0773333024763 -0.157267682383 756.0 1008.0 815.13158322
0.999596789789 -0.00456506773902 0.0280253099927 -0.00425924585018 -0.999930840351 -0.0109623601615 0.0280734156888 0.0108385733407 -0.999547101771 4.26809717787 -0.0606515521789 -0.125008725238 756.0 1008.0 815.13158322
0.99963132055 -0.00454745772687 0.026768332114 -0.00432817979425 -0.999956651219 -0.00824393973731 0.0268046607069 0.00812504221196 -0.999607669965 4.20349304773 -0.19697713454 -0.0905505783414 756.0 1008.0 815.13158322
0.999685906787 -0.00451778100343 0.0246511141131 -0.00438147996852 -0.999974830468 -0.00558041786534 0.0246757047619 0.00547065673127 -0.999680539727 4.09586272072 -0.330153597424 -0.0540003760528 756.0 1008.0 815.13158322
0.999754621534 -0.00447630987408 0.0216946853124 -0.00441223029024 -0.999985764009 -0.00300066696048 0.0217078083822 0.00290420871375 -0.999760139547 3.94639935095 -0.458725575393 -0.0154896580408 756.0 1008.0 815.13158322
0.999829475641 -0.00442343560607 0.0179291064429 -0.00441458978925 -0.999990113645 -0.000532925625185 0.0179312865516 0.000453685098151 -0.999839118625 3.75675430901 -0.581288119786 0.0248263348245 756.0 1008.0 815.13158322
0.99990080151 -0.00435966760843 0.013393298264 -0.00438410092249 -0.9999887779 0.00179547576852 0.0133853202856 -0.00185401523131 -0.999908693746 3.5290190513 -0.696502081449 0.0667696303427 756.0 1008.0 815.13158322
0.99995772841 -0.00428563181376 0.00813478663545 -0.00431794162766 -0.99998284304 0.00395840942085 0.0081176827819 -0.00399336762644 -0.999959077283 3.2657021682 -0.803108772675 0.110140751995 756.0 1008.0 815.13158322
0.999988730633 -0.00420206799713 0.00220935082489 -0.00421510849469 -0.999973526139 0.00593126305367 0.00218436876418 -0.00594050886552 -0.999979969243 2.96970186241 -0.89994374772 0.154720191636 756.0 1008.0 815.13158322
0.999982225738 -0.00410982575958 -0.00431943751433 -0.00407652055914 -0.99996211248 0.00769126682982 -0.0043508836281 -0.00767352184739 -0.99996109268 2.64427415939 -0.985949550963 0.200270113685 756.0 1008.0 815.13158322
0.99992719662 -0.0040098589233 -0.0113807948632 -0.00390503609847 -0.99994988993 0.00921782631252 -0.0114171867539 -0.00917271280884 -0.999892748842 2.29299719807 -1.06018729304 0.246536274062 756.0 1008.0 815.13158322
0.999813808644 -0.00390321813232 -0.0188974319404 -0.00370537843652 -0.999938083211 0.0104928506224 -0.0189372177569 -0.0104208748075 -0.999766366284 1.9197319932 -1.1218469282 0.29325013473 756.0 1008.0 815.13158322
0.999633991785 -0.00379104152558 -0.0267863859508 -0.00348397103478 -0.999927791144 0.0115010627639 -0.0268280527431 -0.0114035302876 -0.999575017236 1.52858009944 -1.17025612018 0.340131152518 756.0 1008.0 815.13158322
0.999381958021 -0.00367454344271 -0.0349599729966 -0.00324868686036 -0.999919929962 0.0122302779356 -0.0350021144379 -0.0121091451055 -0.999313874911 1.12383864104 -1.20488759972 0.386889218931 756.0 1008.0 815.13158322
0.999054626253 -0.00355500123014 -0.0433268476762 -0.00300852186173 -0.999915185625 0.0126716357233 -0.0433682206173 -0.0125293065231 -0.998980587358 0.709953199874 -1.22536493281 0.433227225962 756.0 1008.0 815.13158322
0.998651930869 -0.0034337403269 -0.0517931501244 -0.00277320697055 -0.999913977666 0.0128197734858 -0.0518327145299 -0.0126588584199 -0.998575546971 0.291469078155 -1.23146663686 0.478843731464 756.0 1008.0 815.13158322
0.998176995599 -0.00331211791509 -0.0602637148872 -0.00255277697109 -0.999916436584 0.0126729309204 -0.0603006532869 -0.012495988288 -0.998102039618 -0.127018530119 -1.22312859939 0.523435696508 756.0 1008.0 815.13158322
0.997636161158 -0.00319150550986 -0.0686433117076 -0.00235711745645 -0.999922396094 0.0122329795144 -0.06867702634 -0.012042262374 -0.997566263448 -0.540914913029 -1.20044477294 0.566701266278 756.0 1008.0 815.13158322
0.997038862974 -0.00307327092851 -0.076837886 -0.00219551262547 -0.999931400682 0.011505374998 -0.0768679741079 -0.0113026074572 -0.996977214194 -0.945676207873 -1.16366613863 0.608342565506 756.0 1008.0 815.13158322
0.996397363372 -0.002958760112 -0.0847557667913 -0.00207621670307 -0.999942728148 0.0104990355617 -0.0847819767993 -0.010285240013 -0.996346440877 -1.33685920969 -1.11319794959 0.648068479244 756.0 1008.0 815.13158322
0.995726350358 -0.0028492792723 -0.0923088122037 -0.00200607028455 -0.999955425898 0.00922615300648 -0.0923309855078 -0.00900154569582 -0.995687682604 -1.71017007541 -1.04959528465 0.685597389808 756.0 1008.0 815.13158322
0.995042422036 -0.0027460778059 -0.0994134669202 -0.00199018006795 -0.999968359092 0.00770194769506 -0.0994314715354 -0.00746591398854 -0.99501640318 -2.06151138988 -0.9735569609 0.720659841154 756.0 1008.0 815.13158322
0.994363481187 -0.00265033235257 -0.105991712034 -0.00203167654009 -0.999980268119 0.00594438081418 -0.106005375203 -0.00569553432511 -0.994349245143 -2.38702707817 -0.885917871913 0.753001102656 756.0 1008.0 815.13158322
0.993708068383 -0.00256313229678 -0.111971894615 -0.00213155960456 -0.999989832478 0.00397383879505 -0.111980941613 -0.00371016090569 -0.993703428303 -2.6831446719 -0.787639835524 0.782383605256 756.0 1008.0 815.13158322
0.993094664021 -0.00248546691552 -0.117289431527 -0.00228863729782 -0.99999573793 0.0018128047103 -0.117293437298 -0.00153185371708 -0.993096119714 -2.94661446652 -0.679801051504 0.808589224261 756.0 1008.0 815.13158322
0.992540989928 -0.00241821428197 -0.121887388812 -0.00249955802383 -0.99999674376 -0.000514469858539 -0.121885747819 0.000815297023393 -0.992543802444 -3.17454514052 -0.563584284614 0.831421384672 756.0 1008.0 815.13158322
0.992063339912 -0.00236213194747 -0.125716943709 -0.00275893246422 -0.999991747111 -0.00298228139287 -0.125708861639 0.00330545659647 -0.992061669485 -3.3644354462 -0.44026390253 0.850706966733 756.0 1008.0 815.13158322
0.991675966083 -0.00231784935378 -0.128737740651 -0.00305953770254 -0.999979841634 -0.00556377153727 -0.128722249524 0.00591133648555 -0.991663067064 -3.5142016248 -0.311191910672 0.866297991523 756.0 1008.0 815.13158322
0.991390544388 -0.00228586187739 -0.130918155092 -0.00339259323752 -0.99996036804 -0.00823120041429 -0.130894151161 0.00860448630732 -0.991359008638 -3.62220024559 -0.177783136925 0.878073068696 756.0 1008.0 815.13158322
0.991215738763 -0.00226652638214 -0.132235479679 -0.0037480964462 -0.999932954529 -0.0109561954899 -0.132201781383 0.011355584738 -0.991157777397 -3.68724621868 -0.0414997286061 0.885938590979 756.0 1008.0 815.13158322
0.991156879061 -0.0022600581539 -0.132676046167 -0.00411520360935 -0.999897545543 -0.0137099786873 -0.132631467566 0.0141347286318 -0.991064631221 -3.70862578411 0.0961648684761 0.889829662713 756.0 1008.0 815.13158322
0.991215763548 -0.00226652911026 -0.132235293848 -0.00448264170164 -0.999854417677 -0.0164635772339 -0.13217872755 0.0169117207212 -0.991081620093 -3.686104335 0.233702273343 0.889710752541 756.0 1008.0 815.13158322
0.991390592397 -0.00228586721387 -0.130917791448 -0.00483913563915 -0.999804182046 -0.0191880257081 -0.130848294115 0.0196563571241 -0.991207521941 -3.61992898895 0.36960569625 0.88557606323 756.0 1008.0 815.13158322
0.991676034317 -0.00231785706429 -0.128737214899 -0.00517383545719 -0.999747772837 -0.0218545677939 -0.128654088112 0.0223387162887 -0.991437898896 -3.51082587955 0.502386447123 0.87744961465 756.0 1008.0 815.13158322
0.992063424174 -0.00236214169332 -0.12571627859 -0.00547672789745 -0.999686422216 -0.0244348662521 -0.125619138141 0.0249294509334 -0.991765271931 -3.35999219773 0.630590245145 0.865385038937 756.0 1008.0 815.13158322
0.992541085155 -0.00241822563491 -0.121886613149 -0.00573901711654 -0.999621622206 -0.0269012286077 -0.121775440721 0.0274000839934 -0.992179407887 -3.16908306998 0.75281315081 0.849465089922 756.0 1008.0 815.13158322
0.993094764675 -0.00248547937654 -0.117288579016 -0.00595345974883 -0.999555074679 -0.0292268540825 -0.117163751614 0.0297233086114 -0.99266770887 -2.94019341749 0.867716945891 0.829800871946 756.0 1008.0 815.13158322
0.993708168886 -0.00256314531815 -0.111971002386 -0.0061146404764 -0.999488631058 -0.0313861045367 -0.111833296746 0.031873290891 -0.993215690103 -2.67583499475 0.974043792824 0.806530796125 756.0 1008.0 815.13158322
0.994363576337 -0.00265034536219 -0.105990819056 -0.00621917571438 -0.999424223865 -0.0333547988412 -0.105841390336 0.0338259725916 -0.993807528483 -2.37890885925 1.0706300129 0.779819275034 756.0 1008.0 815.13158322
0.995042507385 -0.00274609023286 -0.0994126123007 -0.00626583513778 -0.999363792741 -0.0351105264741 -0.0992529486013 0.0355593693377 -0.994426660667 -2.05267357409 1.15641883232 0.749855169531 756.0 1008.0 815.13158322
0.995726422518 -0.00284929057251 -0.0923080334633 -0.00625557363992 -0.999309207963 -0.03663297255 -0.0921398898255 0.0370538584043 -0.995056406582 -1.70070949171 1.23047195646 0.716850004058 756.0 1008.0 815.13158322
0.996397420216 -0.00295876979268 -0.0847550981893 -0.0061914699268 -0.999262194841 -0.0379042433314 -0.0845804155104 0.0382924489122 -0.995680592192 -1.32687951022 1.29197984557 0.681035969184 756.0 1008.0 815.13158322
0.997038903719 -0.00307327857041 -0.0768373569891 -0.00607857221745 -0.999224262495 -0.038909178869 -0.076658172624 0.0392610264676 -0.996284144394 -0.935286732306 1.34027057935 0.642663732417 756.0 1008.0 815.13158322
0.997636186332 -0.00319151078599 -0.0686429455937 -0.00592365622472 -0.999196640552 -0.0396356380979 -0.0684613030683 0.0399485640468 -0.996853631288 -0.530229490634 1.3748172132 0.602000080274 756.0 1008.0 815.13158322
0.998177006887 -0.00331212060521 -0.0602635277616 -0.0057349054186 -0.999180226956 -0.0400747416756 -0.0600813929684 0.0403472913294 -0.997377722982 -0.11615423262 1.39524354568 0.559325416397 756.0 1008.0 815.13158322
0.998651930869 -0.0034337403269 -0.0517931501244 -0.00552152813597 -0.999175549704 -0.0402210591682 -0.0516123405736 0.0404528157355 -0.997847551482 0.302393219242 1.40132823398 0.514931141963 756.0 1008.0 815.13158322
0.999054618155 -0.00355499855599 -0.0433270346136 -0.00529332998342 -0.999182744539 -0.0400727298055 -0.0431491668613 0.0402641900657 -0.998256953093 0.720817497373 1.39300721226 0.469116945851 756.0 1008.0 815.13158322
0.999381945259 -0.00367453822876 -0.034960338373 -0.00506026280152 -0.999201549829 -0.0396315096907 -0.0347867967875 0.0397839237481 -0.998602582703 1.13452406344 1.37037438643 0.422188032928 756.0 1008.0 815.13158322
0.999633977681 -0.00379103401742 -0.0267869133599 -0.00483197292977 -0.999231318888 -0.0389027427182 -0.0266188411446 0.0390179370864 -0.998883896097 1.53896957501 1.3336805978 0.37445231943 756.0 1008.0 815.13158322
0.999813796094 -0.00390320867463 -0.0188980978347 -0.00461737147476 -0.999271049002 -0.0378952570597 -0.0187364089513 0.0379754603527 -0.999103003394 1.92971169267 1.28333086697 0.32621762467 756.0 1008.0 815.13158322
0.999927187845 -0.00400984794339 -0.0113815696448 -0.00442424774595 -0.99931942552 -0.0366211934502 -0.0112269782217 0.036668881866 -0.99926440348 2.30245778177 1.21987994806 0.277788888311 756.0 1008.0 815.13158322
0.999982222118 -0.00410981374753 -0.00432028689298 -0.00425894414755 -0.999374878591 -0.0350957751939 -0.00417334908978 0.0351135511259 -0.999374615289 2.65311197518 1.14402624226 0.229465442062 756.0 1008.0 815.13158322
0.999988732644 -0.00420205548355 0.00220846427547 -0.00412610689655 -0.999435649509 -0.0333370324586 0.00234730198762 0.0333275444787 -0.999441726642 2.97782008133 1.05660413709 0.181538364014 756.0 1008.0 815.13158322
0.999957735661 -0.00428561934625 0.00813390179956 -0.00402852235878 -0.999499863303 -0.0313654948244 0.0082642543082 0.0313314015772 -0.999474884815 3.27301184535 0.958574855673 0.134287942864 756.0 1008.0 815.13158322
0.999900812873 -0.00435965572777 0.0133924537631 -0.00396704396374 -0.999565604033 -0.02920386613 0.0135139549375 0.0291478410295 -0.999483754938 3.53544010033 0.851015915946 0.0879812780276 756.0 1008.0 815.13158322
0.999829489451 -0.0044234248233 0.0179283389498 -0.00394060995913 -0.999630989358 -0.0268766945033 0.0180406102395 0.0268014631524 -0.999477972721 3.76221637955 0.735109315638 0.0428700400742 756.0 1008.0 815.13158322
0.99975463584 -0.00447630064923 0.0216940279725 -0.00394634800291 -0.999694241196 -0.0244100482869 0.0217966615474 0.024318446752 -0.999466617098 3.95084259942 0.612128572283 -0.000811585836976 756.0 1008.0 815.13158322
0.999685919617 -0.00451777372674 0.0246505951381 -0.00397975897532 -0.999753749669 -0.021831205671 0.0247431533683 0.0217262454903 -0.999457726279 4.09923846596 0.483424760371 -0.0428487529255 756.0 1008.0 815.13158322
0.999631330173 -0.00454745270324 0.0267679736017 -0.00403496952277 -0.999808128041 -0.0191683625725 0.0268500048004 0.0190532878179 -0.999457877785 4.20576430437 0.350411698634 -0.0830475838072 756.0 1008.0 815.13158322
0.999596794931 -0.00456506517604 0.0280251270165 -0.00410504072387 -0.999856256817 -0.0164503599979 0.0280961955611 0.0163286828417 -0.999471849484 4.26923906155 0.21455044977 -0.121236563675 756.0 1008.0 815.13158322
0.99958590141 -0.00457045795077 0.0284101498999 -0.00418231882317 -0.999897315733 -0.0137064291173 0.0284698772825 0.0135819329996 -0.999502374776 4.28895328413 0.0773333024763 -0.157267682383 756.0 1008.0 815.13158322
0.999599734926 -0.00456359691431 0.027920306565 -0.00425881309938 -0.999930802834 -0.010965949832 0.0279684187337 0.010842653178 -0.999550000963 4.26467692982 -0.0597325886956 -0.191017314937 756.0 1008.0 815.13158322
0.999636837191 -0.00454456663519 0.0265620150583 -0.00432658550223 -0.999956540311 -0.00825821693011 0.0265983906985 0.0081402950236 -0.999613055742 4.1966619263 -0.195141726389 -0.222386832783 756.0 1008.0 815.13158322
0.9996932866 -0.00451356972931 0.0243507785377 -0.00437813660835 -0.999974667205 -0.00561220712403 0.0243754927526 0.00550387474994 -0.999687722599 4.08563944954 -0.32740677533 -0.251302941228 756.0 1008.0 815.13158322
0.999762896612 -0.00447092595126 0.0213110623625 -0.00440677265666 -0.999985619466 -0.00305634040736 0.0213244205697 0.00296170273179 -0.999768221842 3.93281195129 -0.455074868206 -0.277717741332 756.0 1008.0 815.13158322
0.99983752431 -0.00441707089986 0.0174761113261 -0.00440693892357 -0.999990098291 -0.00061823022207 0.0174786690494 0.000541113619452 -0.999847089971 3.73984002299 -0.57674353384 -0.301608517634 756.0 1008.0 815.13158322
0.999907476971 -0.00435255416469 0.0128876983704 -0.00437450553599 -0.999989028004 0.00167558119267 0.0128802639087 -0.00173180347069 -0.999915546263 3.50882423981 -0.691076073139 -0.322977256043 756.0 1008.0 815.13158322
0.999962000435 -0.00427803669587 0.00759579415816 -0.00430699307787 -0.999983505136 0.00379990336238 0.00757941274055 -0.00383247400057 -0.999963931672 3.2422821838 -0.796816214311 -0.341849899194 756.0 1008.0 815.13158322
0.999989829201 -0.00419428715574 0.0016581463236 -0.00420372712163 -0.999974740738 0.00573119217249 0.00163406617433 -0.00573810427636 -0.999982201835 2.94312089765 -0.892801886768 -0.358275349397 756.0 1008.0 815.13158322
0.999979774892 -0.00410217701131 -0.00486024174516 -0.00406591319088 -0.999963998266 0.00744785349532 -0.00489061918142 -0.00742794154066 -0.999960452982 2.61460507086 -0.977977962767 -0.372324232073 756.0 1008.0 815.13158322
0.999921327023 -0.00400267415307 -0.0118877401038 -0.00389662667188 -0.999952529681 0.0089305478803 -0.0119229218621 -0.00888352320236 -0.999889457365 2.26032130667 -1.05140782717 -0.38408743512 756.0 1008.0 815.13158322
0.999805238403 -0.00389683487637 -0.0193468328315 -0.00370071580295 -0.999941512582 0.0101624858519 -0.0193853028145 -0.0100889094599 -0.999761183454 1.88413886128 -1.11228364856 -0.393674442123 756.0 1008.0 815.13158322
0.999624067072 -0.00378579413498 -0.027154968109 -0.00348461995792 -0.99993199127 0.0111297016506 -0.0271952560933 -0.0110308928855 -0.999569275962 1.49016728531 -1.15993523906 -0.401211479488 756.0 1008.0 815.13158322
0.999372647723 -0.0036707540656 -0.0352255098867 -0.0032561097849 -0.99992482457 0.0118212925633 -0.0352662548516 -0.0116991783211 -0.999309471833 1.08271143154 -1.19383740593 -0.406839499604 756.0 1008.0 815.13158322
0.999048468204 -0.00355297088082 -0.0434687770392 -0.00302396006784 -0.999920642986 0.0122296114631 -0.0435087789403 -0.012086526753 -0.998979930742 0.666224321827 -1.21361571417 -0.410712023856 756.0 1008.0 815.13158322
0.998651930869 -0.0034337403269 -0.0517931501244 -0.00279757010168 -0.999919817373 0.0123504018439 -0.0518314052864 -0.0121888576802 -0.998581462463 0.24525838938 -1.21905059716 -0.412992870815 756.0 1008.0 815.13158322
0.998186484107 -0.00331438199296 -0.0601062211273 -0.00258654956018 -0.999922440744 0.0121828673768 -0.0601419380098 -0.0120053058334 -0.998117638319 -0.175584369337 -1.21007977013 -0.413853796096 756.0 1008.0 815.13158322
0.997658615957 -0.00319622283078 -0.0683159583618 -0.00240028998335 -0.999928324137 0.0117296715919 -0.0683485524007 -0.0115382298154 -0.997594779777 -0.5917027871 -1.18679892006 -0.413472071302 756.0 1008.0 815.13158322
0.997077708893 -0.00308058029305 -0.0763318573967 -0.00224754290109 -0.999937006746 0.0109968673558 -0.0763609257374 -0.0107931721839 -0.99702182346 -0.998546910764 -1.14946066445 -0.412028030063 756.0 1008.0 815.13158322
0.996455762115 -0.00296874551728 -0.084066049619 -0.0021360251493 -0.999947779716 0.00999375995793 -0.084091328596 -0.00977877249908 -0.996410068227 -1.39166782648 -1.09847179034 -0.409702609435 756.0 1008.0 815.13158322
0.995806994405 -0.00286196697226 -0.0914343427798 -0.00207207017214 -0.999959722327 0.00873271141128 -0.0914556527489 -0.00850663672909 -0.995772815813 -1.76676637949 -1.0343888037 -0.406674914952 756.0 1008.0 815.13158322
0.995147346444 -0.00276143494568 -0.0983571723032 -0.00206034122019 -0.999971748625 0.0072288966494 -0.0983743557056 -0.00699116798197 -0.99512492166 -2.11974025471 -0.957911838162 -0.403119837224 756.0 1008.0 815.13158322
0.994493905926 -0.00266826718952 -0.104760447819 -0.00210361863468 -0.99998266211 0.00550002435846 -0.104773307028 -0.00524936467672 -0.994482276516 -2.44672890249 -0.869876989581 -0.399205747354 756.0 1008.0 815.13158322
0.993864281771 -0.00258349596275 -0.11057628574 -0.00220266920289 -0.999991215779 0.00356603607006 -0.110584527253 -0.00330059289838 -0.993861242035 -2.74415581715 -0.771247160541 -0.395092297499 756.0 1008.0 815.13158322
0.993275955058 -0.0025080566256 -0.115743625116 -0.00235620123809 -0.999996174644 0.00144879682271 -0.11574681602 -0.00116633977496 -0.993278064911 -3.0087677054 -0.663101515053 -0.390928351634 756.0 1008.0 815.13158322
0.992745634134 -0.00244277785562 -0.120208729897 -0.00256090490755 -0.99999637791 -0.000828210720055 -0.120206271355 0.0011300457028 -0.992748294042 -3.23767011531 -0.546623658964 -0.386850070066 756.0 1008.0 815.13158322
0.992288639915 -0.00238837348106 -0.123925585606 -0.00281157365574 -0.999990798104 -0.00324017912372 -0.123916706498 0.00356361884752 -0.992286224066 -3.42835913574 -0.423088675577 -0.382979169471 756.0 1008.0 815.13158322
0.991918344907 -0.00234543586718 -0.126856201928 -0.0031012995096 -0.999978594744 -0.00576124937523 -0.126839973898 0.0061081080217 -0.99190438654 -3.5787488187 -0.293849158519 -0.379421378201 756.0 1008.0 815.13158322
0.991645686332 -0.00231443075087 -0.128970834644 -0.00342173266974 -0.999959160425 -0.00836476102679 -0.12894620787 0.00873618290777 -0.991613107308 -3.68719402448 -0.16032039485 -0.376265104344 756.0 1008.0 815.13158322
0.99147877015 -0.00229569339999 -0.130248140618 -0.00376339406272 -0.999932157585 -0.0110234791489 -0.130213997742 0.0114197206284 -0.991420145434 -3.75250843913 -0.0239648607716 -0.373580331633 756.0 1008.0 815.13158322
0.991422579007 -0.00228942597535 -0.130675278323 -0.00411602836904 -0.999897544586 -0.0137098009097 -0.130630502359 0.0141300693283 -0.991330425738 -3.77397756691 0.113723800216 -0.371417755651 756.0 1008.0 815.13158322
0.991478793368 -0.00229569599389 -0.130247963828 -0.00446898432756 -0.999855590123 -0.0163959470321 -0.130191514625 0.0168383098886 -0.991345873467 -3.75136655545 0.251237141177 -0.36980817007 756.0 1008.0 815.13158322
0.991645731323 -0.00231443582582 -0.128970488626 -0.0048116087281 -0.999806875339 -0.0190541451073 -0.128901481648 0.0195155171884 -0.991465356237 -3.68492276784 0.387068438325 -0.36876210981 756.0 1008.0 815.13158322
0.991918408889 -0.00234544320225 -0.126855701502 -0.00513364033911 -0.99975228342 -0.0216568126412 -0.126773482417 0.0221330226831 -0.991684734915 -3.57537307346 0.519729199276 -0.368269755074 756.0 1008.0 815.13158322
0.992288718992 -0.0023883827567 -0.123924952246 -0.00542559002355 -0.99969297679 -0.0241767477185 -0.123829161082 0.0246626800076 -0.99199702171 -3.42391588727 0.647765472099 -0.368301097268 756.0 1008.0 815.13158322
0.992745723596 -0.0024427886673 -0.120207990853 -0.00567909347133 -0.999630362461 -0.0265873342859 -0.120098610229 0.0270771348302 -0.992392640335 -3.23220804477 0.76977377646 -0.368806364816 756.0 1008.0 815.13158322
0.993276049745 -0.00250806850123 -0.115742812287 -0.00588722337618 -0.999566046473 -0.0288627673458 -0.115620195488 0.0293500993241 -0.992859779659 -3.00234665637 0.884416482342 -0.369716703949 756.0 1008.0 815.13158322
0.993864376464 -0.00258350838316 -0.110575434342 -0.00604474860745 -0.999501778831 -0.0309783009345 -0.11044031062 0.031456630445 -0.993384828851 -2.73684614 0.990436467807 -0.37094510663 756.0 1008.0 815.13158322
0.994493995739 -0.00266827961114 -0.104759594896 -0.00614832909425 -0.999439390759 -0.0329105188176 -0.104613051232 0.0333734098259 -0.993952878676 -2.43861068357 1.08667089523 -0.372387574976 756.0 1008.0 815.13158322
0.995147427176 -0.0027614468244 -0.0983563551354 -0.00619663687224 -0.999380726577 -0.0346376246059 -0.0981997957002 0.0350790216269 -0.994548270506 -2.11090243892 1.17206395506 -0.373924508847 756.0 1008.0 815.13158322
0.995807062826 -0.00286197778757 -0.0914335972658 -0.00619039612644 -0.999327572843 -0.0361397447682 -0.0912686836851 0.0365542232752 -0.99515517189 -1.75730579579 1.24567843741 -0.375422300703 756.0 1008.0 815.13158322
0.996455816159 -0.00296875479543 -0.0840654086893 -0.00613233812165 -0.999281587764 -0.0373992350877 -0.0838939859126 0.0377822028334 -0.995758155516 -1.38168812701 1.30670600483 -0.376735119495 756.0 1008.0 815.13158322
0.997077747749 -0.00308058762827 -0.0763313495406 -0.00602707058139 -0.999244234032 -0.0384009788047 -0.0761553633241 0.0387488158892 -0.99634275724 -0.988157435198 1.35447605354 -0.377706863151 756.0 1008.0 815.13158322
0.997658640046 -0.00319622790345 -0.0683156063329 -0.00588086519735 -0.99921671828 -0.0391326632672 -0.068137019057 0.0394427944882 -0.996895988856 -0.581017364705 1.38846306609 -0.378173257306 756.0 1008.0 815.13158322
0.998186494951 -0.00331438458386 -0.0601060408952 -0.00570137126994 -0.999199940168 -0.0395850215891 -0.0599267524809 0.0398559208073 -0.997406782569 -0.164720071838 1.40829237494 -0.377964076207 756.0 1008.0 815.13158322
0.998651930869 -0.0034337403269 -0.0517931501244 -0.00549726767305 -0.999194453759 -0.0397520266862 -0.0516149302099 0.039983159016 -0.997866346749 0.256182530467 1.41374427369 -0.376905460316 756.0 1008.0 815.13158322
0.99904846035 -0.00355296829546 -0.0434689577617 -0.00527786904034 -0.999200443249 -0.0396310270986 -0.0432933940803 0.0398227400714 -0.99826841651 0.677088619327 1.4047564309 -0.374822303968 756.0 1008.0 815.13158322
0.999372635266 -0.00367074901443 -0.0352258638284 -0.00505270494172 -0.999217714412 -0.0392228170523 -0.0350543300258 0.0393761959364 -0.998609387669 1.09339685394 1.38142458022 -0.371540685607 756.0 1008.0 815.13158322
0.999624053192 -0.00378578684566 -0.0271554800902 -0.00483109256969 -0.999245702266 -0.038531636972 -0.0269891242087 0.0386483417642 -0.99888832852 1.50055676087 1.34400147893 -0.366890312577 756.0 1008.0 815.13158322
0.999805225902 -0.00389682567397 -0.0193474806657 -0.0046217239076 -0.999283494596 -0.0375651047668 -0.0191872334266 0.0376472067714 -0.999106870107 1.89411856075 1.29289414661 -0.360706952183 756.0 1008.0 815.13158322
0.999921318084 -0.00400266344508 -0.0118884955846 -0.00443228745781 -0.999329870111 -0.0363340822387 -0.0117350956456 0.0363839166333 -0.999268981877 2.26978189037 1.22865941393 -0.352834820871 756.0 1008.0 815.13158322
0.999979770905 -0.0041021652692 -0.00486107190375 -0.00426914246 -0.999383349244 -0.0348524845099 -0.00471510366859 0.0348725320842 -0.999380645352 2.62344288665 1.15199783045 -0.343128903696 756.0 1008.0 815.13158322
0.999989830693 -0.00419427489395 0.00165727775398 -0.00413706034486 -0.999442255014 -0.0331370430836 0.00179533928349 0.0331298498448 -0.999449443347 2.95123911658 1.06374599805 -0.33145717702 756.0 1008.0 815.13158322
0.999962007088 -0.00427802444926 0.00759492513906 -0.00403904425195 -0.999504780929 -0.0312070347943 0.00772466844513 0.0311751729095 -0.999484085962 3.24959186095 0.964867414037 -0.317702708324 756.0 1008.0 815.13158322
0.999907487739 -0.00435254246548 0.0128868668915 -0.00397623314322 -0.999569062713 -0.0290839893738 0.0130079027589 0.0290300575609 -0.999493897042 3.51524528883 0.856441924257 -0.301765608358 756.0 1008.0 815.13158322
0.999837537598 -0.00441706025499 0.0174753537496 -0.00394789270804 -0.999633250593 -0.0267913876626 0.0175872838476 0.0267180442478 -0.999488285854 3.74530209353 0.739653901584 -0.283564812385 756.0 1008.0 815.13158322
0.999762910519 -0.00447091682117 0.0213104118493 -0.00395149117863 -0.999695579078 -0.0243543607968 0.0214128108354 0.0242643787296 -0.99947622856 3.93725519976 0.61577927947 -0.263039669129 756.0 1008.0 815.13158322
0.999693299175 -0.00451356250887 0.0243502636208 -0.00398285457104 -0.999754431401 -0.0217993982183 0.0244426769072 0.0216957287661 -0.999465782755 4.08901519478 0.486171582465 -0.240151318101 756.0 1008.0 815.13158322
0.999636846691 -0.00454456163753 0.0265616584208 -0.00403639286271 -0.999808396223 -0.0191540694112 0.0266436159558 0.019039900259 -0.999463656131 4.19893318295 0.352247106785 -0.214883838249 756.0 1008.0 815.13158322
0.999599740035 -0.00456359435796 0.0279201240683 -0.00410538624595 -0.999856314603 -0.0164467611523 0.0279911687006 0.0163255552789 -0.999474847467 4.2658188135 0.215469413253 -0.187245153374 756.0 1008.0 815.13158322
